42
1
1
1
5
1
3
2
1
1
4
3
1
2
3
4
1
2
6
2
7
3
2
7
1
3
3
6
1
4
4
4
5
4
7
7
7
5
1
5
2
5
7
9
7
6
7
8
7
7
6
12
7
8
6
11
7
9
5
9
6
11
1
12
1
11
5
12
5
2
5
3
7
3
6
7
5
6
5
8
5
3
5
9
4
2
4
9
3
3
4
10
7
4
2
5
4
4
3
6
2
4
6
5
3
5
5
12
2
6
3
10
5
6
4
7
3
7
4
11
4
8
1
12
3
8
4
9
1
9
2
10
1
10
3
10
6
10
4
12
6
11
2
12
4
11
3
11
6
1
2
6
6
1
6
8
3
1
7
7
2
2
2
8
2
5
6
10
2
